0 200 550
0 300 450
0 400 550
1 700 590
1 700 570
1 700 550
2 700 530
1 950 590
1 950 570
1 950 550
2 950 530
0 1050 450
0 1150 350
0 1250 250
1 1400 590
1 1400 570
1 1400 550
1 1400 530
1 1400 510
1 1400 490
1 1400 470
1 1400 450
2 1400 430
0 1500 460
0 1650 540
2 1775 450
1 1900 590
1 1900 570
1 1900 550
1 1900 530
1 1900 510
1 1900 490
2 1900 470
1 1900 370
1 1900 350
1 1900 330
1 1900 310
1 1900 290
1 1900 270
1 1900 250
2 1900 230
2 2000 450
2 2100 350
2 2000 250
2 2200 450
2 2300 350
2 2400 250
1 2600 530
1 2600 510
1 2600 490
1 2600 470
1 2600 450
2 2600 430
0 3000 550
0 3100 450
0 3200 550
